2, 23, 24, 25, 24, 190, 23, 190, 189, 6, 7, 26, 79, 78, 82, 81, 80, 76, 74, 73, 71, 69, 68, 66, 58,
46, 44, 42, 43, 42, 44, 47, 48, 47, 57, 45, 46, 58, 66, 65, 66, 68, 70, 68, 70, 72, 75, 20, 19, 5, 17,
19, 17, 18, 16, 14, 12, 8, 10, 9, 10, 11, 13, 14, 13, 27, 28, 27, 29, 31, 101, 102, 101, 32, 33, 131,
132, 134, 106, 105, 104, 103, 35, 36, 191, 37, 38, 39, 40, 41, 110, 112, 115, 114, 115, 116, 117,
118, 125, 126, 128, 139, 140, 137, 138, 135, 136, 135, 132, 131, 133, 193, 103, 104, 38, 37, 36,
35, 34, 30, 29, 30, 32, 101, 31, 99, 100, 294
130, 128, 126, 124, 117, 116, 120, 122, 123, 122, 120, 119, 121, 119, 118, 125, 127, 129, 127,
166, 164, 167, 170, 168, 170, 171, 169, 171, 173, 172, 173, 175, 174, 175, 177, 176, 177, 179,
178, 179, 181, 182, 180, 182, 184, 183, 184, 186, 188, 187, 157, 142, 157, 156, 158, 159, 158,
185, 187, 143, 144, 188, 186, 185, 158, 156, 194, 155, 194, 154, 160, 162, 160, 152, 153, 154,
153, 148, 151, 149, 151, 152, 160, 161, 181, 161, 163, 164, 163, 150, 163, 164, 167, 164, 166,
147, 130, 141, 146, 145, 146, 147, 146, 141, 140, 139, 134, 133, 193, 105, 106, 107, 39, 107,
108, 124, 108, 109, 111, 112, 113, 112, 115, 111, 109, 41, 40, 45, 57, 59, 58, 59, 64, 61, 65, 67,
62, 61, 64, 60, 54, 52, 53, 52, 51, 50, 192, 51, 50, 48, 49, 48, 47, 46, 44, 46, 47, 57, 55, 56, 55,
54, 60, 62, 63, 62, 67, 69, 71, 74, 73, 72, 75, 20, 21, 22, 21, 4, 3, 2, 1, 1, 2, 3, 189, 6, 5, 4,
5, 19, 20, 19, 16, 18, 15, 17, 15, 12, 11, 9, 8, 7, 26, 79, 85, 84, 82, 78, 77, 76, 77, 80, 81, 83, 89,
92, 93, 92, 91, 89, 83, 88, 90, 94, 95, 87, 90, 94, 97, 96, 86, 85, 84, 87, 86, 96, 95, 94, 97, 98, 294
